name	type	group	oX	oY	oZ	xX	xY	xZ	yX	yY	yZ	zX	zY	zZ
Maxilla (Soft Tissue)	Maxilla Soft	0	0.000	0.000	0.000	1.000	0.000	0.000	0.000	1.000	0.000	0.000	0.000	1.000
Tooth 17	Tooth 17	0	0.000	0.000	0.000	1.000	0.000	0.000	0.000	1.000	0.000	0.000	0.000	1.000
Tooth 16	Tooth 16	0	-0.129	-0.140	0.389	1.000	-0.005	0.017	0.005	1.000	-0.001	-0.017	0.001	1.000
Tooth 15	Tooth 15	0	-0.005	-0.001	-0.061	1.000	-0.001	0.000	0.001	1.000	0.003	0.000	-0.003	1.000
Tooth 14	Tooth 14	0	-0.033	-0.136	-0.022	1.000	-0.006	0.001	0.006	1.000	-0.004	-0.001	0.004	1.000
Tooth 13	Tooth 13	0	-0.045	-0.035	-0.079	1.000	-0.001	-0.002	0.001	1.000	-0.002	0.002	0.002	1.000
Tooth 12	Tooth 12	0	0.038	0.020	-0.018	1.000	-0.003	0.003	0.003	1.000	0.002	-0.003	-0.002	1.000
Tooth 11	Tooth 11	0	0.062	-0.081	0.006	1.000	-0.001	0.004	0.001	1.000	-0.003	-0.004	0.003	1.000
Tooth 21	Tooth 21	0	-0.070	-0.078	-0.079	1.000	0.002	-0.001	-0.002	1.000	-0.003	0.001	0.003	1.000
Tooth 22	Tooth 22	0	0.120	0.114	-0.120	1.000	0.000	0.008	0.000	1.000	0.004	-0.008	-0.004	1.000
Tooth 23	Tooth 23	0	-0.092	0.027	0.061	1.000	-0.003	-0.005	0.003	1.000	-0.002	0.005	0.002	1.000
Tooth 24	Tooth 24	0	0.008	0.001	-0.002	1.000	0.000	0.000	0.000	1.000	0.000	0.000	0.000	1.000
Tooth 25	Tooth 25	0	0.010	0.001	0.003	1.000	0.000	0.000	0.000	1.000	0.000	0.000	0.000	1.000
Tooth 26	Tooth 26	0	0.000	0.000	0.000	1.000	0.000	0.000	0.000	1.000	0.000	0.000	0.000	1.000
Tooth 27	Tooth 27	0	0.000	0.000	0.000	1.000	0.000	0.000	0.000	1.000	0.000	0.000	0.000	1.000
Mandible (Soft Tissue)	Mandible Soft	1	0.000	0.000	0.000	1.000	0.000	0.000	0.000	1.000	0.000	0.000	0.000	1.000
Tooth 37	Tooth 37	1	0.000	0.000	0.000	1.000	0.000	0.000	0.000	1.000	0.000	0.000	0.000	1.000
Tooth 36	Tooth 36	1	0.000	0.000	0.000	1.000	0.000	0.000	0.000	1.000	0.000	0.000	0.000	1.000
Tooth 35	Tooth 35	1	0.000	0.000	0.000	1.000	0.000	0.000	0.000	1.000	0.000	0.000	0.000	1.000
Tooth 34	Tooth 34	1	-0.006	0.000	-0.009	1.000	0.000	0.000	0.000	1.000	0.000	0.000	0.000	1.000
Tooth 33	Tooth 33	1	0.399	0.153	-0.221	1.000	-0.006	0.021	0.006	1.000	0.005	-0.021	-0.004	1.000
Tooth 32	Tooth 32	1	-0.495	-0.001	0.121	1.000	0.017	-0.020	-0.017	1.000	0.005	0.020	-0.005	1.000
Tooth 31	Tooth 31	1	-0.310	-0.064	-0.031	1.000	0.010	-0.011	-0.010	1.000	-0.001	0.011	0.001	1.000
Tooth 41	Tooth 41	1	0.437	-0.003	0.047	1.000	-0.009	0.021	0.009	1.000	0.002	-0.021	-0.002	1.000
Tooth 42	Tooth 42	1	0.716	0.005	0.279	0.999	-0.015	0.035	0.015	1.000	0.007	-0.035	-0.006	0.999
Tooth 43	Tooth 43	1	0.092	-0.014	0.029	1.000	-0.002	0.006	0.002	1.000	0.000	-0.006	0.000	1.000
Tooth 44	Tooth 44	1	-0.002	0.000	-0.005	1.000	0.000	0.000	0.000	1.000	0.000	0.000	0.000	1.000
Tooth 45	Tooth 45	1	-0.002	0.000	-0.005	1.000	0.000	0.000	0.000	1.000	0.000	0.000	0.000	1.000
Tooth 46	Tooth 46	1	0.014	0.019	-0.005	1.000	0.000	0.000	0.000	1.000	0.000	0.000	0.000	1.000
Tooth 47	Tooth 47	1	0.000	0.000	0.000	1.000	0.000	0.000	0.000	1.000	0.000	0.000	0.000	1.000
16: Box 2 x 3 mm	BrktAttm	0	-26.046	4.324	-3.895	-0.647	-0.502	-0.574	0.417	-0.863	0.286	-0.639	-0.054	0.767
15: Box 2 x 3 mm	BrktAttm	0	-23.743	2.460	3.401	-0.615	0.081	-0.784	0.011	-0.994	-0.111	-0.788	-0.077	0.610
14: Box 2 x 3 mm	BrktAttm	0	-20.612	1.872	9.671	-0.841	-0.021	-0.541	0.147	-0.971	-0.191	-0.521	-0.240	0.819
13: Box 2 x 4 mm	BrktAttm	0	-17.590	1.820	15.643	-0.599	0.368	-0.711	-0.070	-0.909	-0.412	-0.797	-0.197	0.570
12: Box 2 x 3 mm	BrktAttm	0	-11.526	1.834	21.620	-0.969	-0.094	-0.227	0.088	-0.995	0.036	-0.230	0.015	0.973
22: Box 2 x 3 mm	BrktAttm	0	11.690	1.775	21.755	-0.622	0.404	0.671	-0.336	-0.912	0.238	0.708	-0.078	0.702
23: Box 2 x 4 mm	BrktAttm	0	17.101	2.852	17.657	-0.798	0.345	0.494	-0.269	-0.938	0.219	0.538	0.042	0.842
24: Box 2 x 3 mm	BrktAttm	0	21.137	2.694	10.686	-0.318	-0.948	0.021	0.445	-0.168	-0.880	0.837	-0.270	0.475
26: Box 2 x 4 mm	BrktAttm	0	27.520	2.887	-2.247	0.360	0.928	0.096	-0.282	0.011	0.959	0.889	-0.373	0.266
36: Box 2 x 4 mm	BrktAttm	1	25.002	-2.853	-1.047	-0.499	0.850	-0.171	-0.408	-0.056	0.911	0.765	0.524	0.375
34: Box 2 x 3 mm	BrktAttm	1	18.103	-3.546	12.861	-0.334	0.896	-0.293	-0.643	0.010	0.766	0.689	0.444	0.573
33: Box 2 x 4 mm	BrktAttm	1	13.323	-3.839	17.653	0.403	0.159	-0.901	-0.273	0.961	0.048	0.874	0.227	0.430
43: Box 2 x 4 mm	BrktAttm	1	-13.379	-4.271	18.279	0.889	0.075	0.451	-0.030	0.994	-0.105	-0.456	0.080	0.886
44: Box 2 x 3 mm	BrktAttm	1	-17.834	-3.573	12.215	0.492	0.868	-0.059	-0.343	0.131	-0.930	-0.800	0.478	0.362
46: Box 2 x 4 mm	BrktAttm	1	-25.170	-2.844	-1.335	-0.619	-0.775	0.129	0.342	-0.118	0.932	-0.707	0.621	0.338
